0.04 61
0.06 16
0.06 43
0.1 24
0.1 42
0.12 26
0.12 59
0.14 1
0.14 27
0.14 36
0.14 5
0.14 22
0.14 31
0.16 25
0.16 53
0.18 3
0.18 14
0.18 23
0.18 47
0.2 37
0.24 35
0.24 51
0.24 20
0.24 38
0.28 19
0.28 60
0.3 9
0.3 41
0.3 57
0.3 30
0.32 17
0.32 18
0.32 34
0.32 12
0.32 62
0.34 58
0.36 49
0.36 42
0.36 13
0.36 6
0.38 52
0.4 48
0.4 28
0.4 45
0.42 24
0.42 44
0.42 61
0.42 15
0.44 33
0.44 2
0.44 46
0.46 5
0.46 21
0.46 55
0.48 54
0.5 32
0.5 3
0.5 43
0.5 31
0.52 16
0.52 25
0.52 37
0.52 39
0.54 11
0.54 51
0.54 47
0.56 10
0.56 50
0.58 36
0.58 22
0.6 62
0.62 1
0.62 26
0.66 35
0.66 4
0.66 53
0.68 27
0.68 13
0.68 45
0.68 14
0.7000000000000001 30
0.7000000000000001 23
0.72 49
0.72 34
0.72 60
0.72 38
0.74 18
0.74 58
0.74 19
0.74 44
0.76 9
0.76 17
0.78 41
0.78 42
0.78 55
0.8 24
0.8 57
0.8 43
0.8 5
0.8 61
0.8 15
0.8 39
0.8200000000000001 52
0.84 16
0.84 33
0.86 59
0.86 29
0.86 22
0.86 46
0.88 50
0.88 51
0.9 31
0.92 40
0.92 11
0.92 36
0.92 62
0.9400000000000001 2
0.9400000000000001 3
0.96 25
0.96 6
0.96 54
0.96 47
0.98 32
0.98 21
0.98 14
1.0 26
1.02 18
1.02 27
1.02 4
1.04 10
1.04 30
1.04 23
1.06 58
1.06 5
1.06 37
1.06 53
1.08 42
1.1 38
1.1 15
1.12 24
1.12 1
1.12 17
1.12 19
1.12 35
1.12 28
1.1400000000000001 57
1.16 44
1.16 39
1.16 55
1.18 22
1.18 46
1.2 16
1.2 43
1.2 52
1.22 2
1.22 34
1.22 59
1.22 36
1.24 41
1.24 49
1.24 60
1.24 31
1.26 9
1.26 26
1.26 13
1.26 29
1.28 6
1.3 51
1.32 32
1.32 40
1.32 25
1.32 50
1.32 45
1.32 62
1.34 33
1.34 27
1.34 20
1.34 21
1.34 14
1.34 23
1.36 10
1.36 37
1.4000000000000001 3
1.4000000000000001 4
1.4000000000000001 47
1.42 42
1.46 1
1.46 44
1.46 30
1.46 54
1.48 17
1.48 19
1.48 53
1.48 15
1.48 39
1.48 55
1.5 18
1.5 28
1.54 35
1.54 61
1.56 16
1.56 58
1.56 59
1.56 29
1.56 22
1.58 2
1.58 51
1.58 38
1.58 46
1.6 9
1.62 32
1.62 25
1.62 41
1.62 43
1.62 36
1.62 6
1.6400000000000001 33
1.6400000000000001 57
1.6400000000000001 45
1.6600000000000001 48
1.6600000000000001 26
1.6600000000000001 34
1.6600000000000001 60
1.68 49
1.68 12
1.68 14
1.72 52
1.72 13
1.72 21
1.72 47
1.74 5
1.76 24
1.76 42
1.76 37
1.76 54
1.76 23
1.78 17
1.78 10
1.78 50
1.78 27
1.78 30
1.78 62
1.8 40
1.8 11
1.8 19
1.8 44
1.82 15
1.82 39
1.84 1
1.8800000000000001 18
1.8800000000000001 53
1.8800000000000001 31
1.8800000000000001 55
1.9000000000000001 57
1.9000000000000001 59
1.92 58
1.92 4
1.92 28
1.92 60
1.92 29
1.92 6
1.92 22
1.94 26
1.94 3
1.94 35
1.94 36
1.94 61
1.94 46
1.98 16
1.98 34
1.98 43
2.02 48
2.02 9
2.02 41
2.02 49
2.02 51
2.04 52
2.04 21
2.04 14
2.04 38
2.04 62
2.06 32
2.06 33
2.06 5
2.08 40
2.08 10
2.08 30
2.1 12
2.1 15
2.12 42
2.12 19
2.12 13
2.12 45
2.14 2
2.14 27
2.16 54
2.16 55
2.18 50
2.18 37
2.18 23
2.18 31
2.2 25
2.2 11
2.2 59
2.2 36
2.22 57
2.22 4
2.22 44
2.22 60
2.24 24
2.24 28
2.24 61
2.24 47
2.2600000000000002 3
2.2600000000000002 35
2.2600000000000002 46
2.2600000000000002 39
2.2800000000000002 26
2.2800000000000002 53
2.32 18
2.32 58
2.32 43
2.32 6
2.32 14
2.34 17
2.34 49
2.34 52
2.36 21
2.36 29
2.36 38
2.36 62
2.4 16
2.4 20
2.42 41
2.42 34
2.42 51
2.44 48
2.44 33
2.44 37
2.44 15
2.46 5
2.48 27
2.48 45
2.5 11
2.5 12
2.5 13
2.5 31
2.52 2
2.52 50
2.52 59
2.52 30
2.54 10
2.54 46
2.56 24
2.56 32
2.56 9
2.56 19
2.56 28
2.56 23
2.58 40
2.58 1
2.58 25
2.58 4
2.58 54
2.6 36
2.6 61
2.62 3
2.62 22
2.62 47
2.64 17
2.64 57
2.64 60
2.64 39
2.66 53
2.66 6
2.68 49
2.68 44
2.68 14
2.7 58
2.7 21
2.7 29
2.72 34
2.72 20
2.72 38
2.74 35
2.7600000000000002 18
2.7600000000000002 42
2.7600000000000002 27
2.7800000000000002 52
2.7800000000000002 5
2.8000000000000003 16
2.8000000000000003 48
2.8000000000000003 45
2.8000000000000003 31
2.82 2
2.82 59
2.82 13
2.82 37
2.84 33
2.84 62
2.84 15
2.86 25
2.86 41
2.86 26
2.86 11
2.86 46
2.88 43
2.88 28
2.88 23
2.88 55
2.9 24
2.9 9
2.9 50
2.9 12
2.9 47
2.92 17
2.92 19
2.94 51
2.94 4
2.94 6
2.96 10
2.98 40
2.98 60
2.98 22
2.98 30
2.98 54
3.0 1
3.0 57
3.02 32
3.02 42
3.02 21
3.02 39
3.04 20
3.04 44
3.04 29
3.04 61
3.04 14
3.06 53
3.08 58
3.1 45
3.12 49
3.12 34
3.12 3
3.12 36
3.14 35
3.14 52
3.14 37
3.16 48
3.16 5
3.18 25
3.18 18
3.18 50
3.18 15
3.22 16
3.22 17
3.22 51
3.22 38
3.22 46
3.24 2
3.24 11
3.24 27
3.24 12
3.24 28
3.24 47
3.2600000000000002 26
3.2800000000000002 33
3.2800000000000002 41
3.2800000000000002 59
3.2800000000000002 30
3.3000000000000003 24
3.3000000000000003 10
3.3000000000000003 43
3.3000000000000003 22
3.3000000000000003 62
3.3200000000000003 60
3.3200000000000003 13
3.3200000000000003 31
3.34 9
3.34 20
3.34 55
3.36 19
3.36 6
3.36 14
3.38 40
3.38 42
3.38 61
3.38 54
3.4 32
3.4 21
3.4 29
3.42 53
3.44 58
3.44 4
3.44 44
3.46 36
3.48 1
3.48 34
3.48 3
3.48 35
3.5 49
3.5 51
3.5 28
3.5 46
3.52 48
3.52 52
3.52 37
3.52 23
3.52 39
3.54 18
3.54 15
3.56 17
3.56 26
3.56 59
3.58 24
3.58 25
3.58 41
3.58 10
3.58 30
3.6 16
3.6 57
3.6 45
3.62 50
3.62 22
3.64 12
3.64 38
3.64 47
3.66 2
3.66 5
3.66 54
3.66 55
3.68 11
3.68 19
3.68 31
3.7 40
3.7 33
3.7 58
3.7 21
3.7 62
3.72 53
3.74 9
3.74 60
3.7600000000000002 34
3.7600000000000002 4
3.7600000000000002 14
3.7800000000000002 32
3.7800000000000002 35
3.7800000000000002 43
3.7800000000000002 20
3.7800000000000002 13
3.7800000000000002 29
3.8000000000000003 1
3.8000000000000003 27
3.84 49
3.84 37
3.84 61
3.86 3
3.86 6
3.86 46
3.86 39
3.88 57
3.88 26
3.88 36
3.9 24
3.9 28
3.9 44
3.9 52
3.9 23
3.92 18
3.92 50
3.94 2
3.96 17
3.96 42
3.96 59
3.96 45
3.96 15
3.98 48
3.98 30
3.98 47
4.0 16
4.0 10
4.0 5
4.0 38
4.0 55
4.0200000000000005 40
4.0200000000000005 25
4.0200000000000005 60
4.0200000000000005 22
4.04 11
4.04 13
4.04 29
4.04 53
4.04 31
4.0600000000000005 9
4.0600000000000005 62
4.08 33
4.08 41
4.08 4
4.08 12
4.08 20
4.1 43
4.1 14
4.12 32
4.12 34
4.12 19
4.12 51
4.14 3
4.14 54
4.16 27
4.16 21
4.18 24
4.18 26
4.18 44
4.18 6
4.2 58
4.2 35
4.22 57
4.22 15
4.22 23
4.24 1
4.24 18
4.24 59
4.24 37
4.24 39
4.26 49
4.28 50
4.28 36
4.28 45
4.28 30
4.28 46
4.32 2
4.32 28
4.34 17
4.34 38
4.36 48
4.36 9
4.36 10
4.36 60
4.36 5
4.36 47
4.36 55
4.38 42
4.38 13
4.38 61
4.4 16
4.4 40
4.4 33
4.4 41
4.4 11
4.42 32
4.42 54
4.44 14
4.44 62
4.46 26
4.46 20
4.48 3
4.48 19
4.48 4
4.48 53
4.5 51
4.5 12
4.5 29
4.5200000000000005 24
4.5200000000000005 18
4.5200000000000005 43
4.5200000000000005 52
4.54 25
4.54 57
4.54 27
4.5600000000000005 34
4.5600000000000005 30
4.5600000000000005 15
4.58 1
4.58 58
4.58 35
4.58 46
4.58 23
4.58 39
4.6000000000000005 21
4.62 2
4.62 59
4.62 44
4.62 37
4.62 22
4.62 55
4.64 50
4.66 10
4.68 32
4.68 49
4.68 42
4.68 36
4.68 60
4.68 45
4.7 6
4.7 54
4.7 47
4.72 9
4.72 41
4.74 31
4.76 16
4.76 40
4.76 17
4.76 11
4.76 38
4.78 24
4.78 3
4.8 48
4.8 57
4.8 19
4.8 4
4.8 20
4.82 61
4.82 62
4.84 13
4.84 46
4.86 58
4.86 28
4.88 26
4.88 34
4.88 27
4.88 52
4.88 53
4.9 25
4.9 51
4.9 29
4.9 15
4.9 23
4.92 12
4.92 22
4.94 49
4.94 18
4.94 43
4.94 39
4.96 35
4.96 21
4.96 14
4.96 55
4.98 33
4.98 5
4.98 37
5.0 2
5.0 10
5.0 50
5.0 44
5.0200000000000005 16
5.0200000000000005 42
5.04 17
5.04 41
5.04 36
5.04 60
5.04 30
5.0600000000000005 38
5.0600000000000005 54
5.0600000000000005 47
5.08 40
5.08 3
5.1000000000000005 45
5.12 1
5.14 24
5.14 48
5.14 4
5.14 13
5.14 62
5.14 31
5.16 34
5.16 19
5.16 53
5.16 6
5.18 32
5.18 9
5.18 59
5.18 20
5.2 57
5.2 26
5.2 11
5.2 28
5.2 61
5.2 15
5.2 23
5.22 25
5.22 51
5.22 29
5.24 52
5.24 22
5.28 33
5.28 12
5.28 5
5.28 14
5.28 39
5.3 10
5.3 46
5.32 2
5.32 58
5.32 36
5.32 30
5.32 55
5.34 18
5.34 50
5.34 60
5.36 49
5.38 43
5.38 44
5.38 21
5.38 45
5.42 35
5.44 41
5.44 42
5.44 38
5.46 40
5.46 9
5.48 16
5.48 37
5.5 48
5.5 28
5.5 53
5.5 61
5.5 47
5.5200000000000005 24
5.5200000000000005 34
5.5200000000000005 15
5.54 3
5.54 11
5.54 4
5.54 13
5.54 14
5.5600000000000005 32
5.5600000000000005 59
5.5600000000000005 20
5.58 52
5.58 54
5.58 39
5.6000000000000005 17
5.6000000000000005 58
5.6000000000000005 19
5.6000000000000005 29
5.6000000000000005 6
5.6000000000000005 62
5.6000000000000005 23
5.62 1
5.62 31
5.64 25
5.64 57
5.64 2
5.64 50
5.64 27
5.64 30
5.66 33
5.66 26
5.66 51
5.66 36
5.7 18
5.7 43
5.7 5
5.7 22
5.72 46
5.74 41
5.74 12
5.74 60
5.76 40
5.76 10
5.76 45
5.76 38
5.76 55
5.78 24
5.78 44
5.8 34
5.8 21
5.82 49
5.82 35
5.82 53
5.84 16
5.84 11
5.86 9
5.86 17
5.86 19
5.86 59
5.86 28
5.86 37
5.88 39
5.9 25
5.9 4
5.9 61
5.9 14
5.9 31
5.96 1
5.96 33
5.96 58
5.96 27
5.96 54
5.96 62
5.96 47
6.0 48
6.0 3
6.0 51
6.0 13
6.0 6
6.0 15
6.0200000000000005 18
6.0200000000000005 20
6.0200000000000005 29
6.04 12
6.04 23
6.0600000000000005 24
6.0600000000000005 32
6.0600000000000005 50
6.0600000000000005 52
6.0600000000000005 55
6.08 2
6.08 43
6.08 22
6.1000000000000005 41
6.1000000000000005 21
6.1000000000000005 45
6.1000000000000005 30
6.12 26
6.12 28
6.12 37
6.140000000000001 40
6.140000000000001 46
6.16 57
6.16 44
6.16 60
6.18 38
6.2 49
6.2 19
6.2 59
6.2 36
6.22 34
6.22 11
6.22 35
6.24 27
6.26 42
6.26 5
6.26 13
6.28 25
6.28 3
6.28 53
6.28 61
6.28 14
6.28 31
6.3 48
6.3 4
6.3 6
6.32 10
6.32 54
6.34 17
6.36 32
6.36 58
6.36 51
6.36 15
6.36 39
6.38 52
6.4 29
6.4 22
6.42 16
6.42 33
6.42 37
6.44 1
6.44 12
6.44 46
6.44 23
6.44 55
6.46 9
6.46 41
6.46 2
6.46 18
6.46 50
6.46 28
6.46 36
6.46 21
6.46 30
6.46 62
6.48 43
6.5 40
6.5 38
6.5200000000000005 60
6.54 25
6.54 26
6.54 42
6.54 61
6.5600000000000005 49
6.5600000000000005 20
6.58 48
6.58 57
6.58 35
6.58 14
6.6000000000000005 27
6.6000000000000005 59
6.62 3
6.62 11
6.62 5
6.62 45
6.62 6
6.62 15
6.640000000000001 44
6.640000000000001 53
6.66 10
6.66 19
6.7 24
6.7 4
6.7 31
6.72 16
6.72 34
6.72 51
6.72 54
6.72 47
6.74 1
6.74 17
6.76 32
6.76 40
6.76 58
6.76 28
6.76 21
6.76 62
6.78 13
6.78 22
6.8 2
6.82 33
6.82 18
6.82 46
6.84 20
6.86 43
6.86 36
6.86 52
6.86 37
6.88 12
6.88 29
6.88 45
6.88 38
6.88 55
6.9 60
6.9 61
6.9 30
6.92 48
6.92 25
6.92 49
6.92 57
6.92 42
6.94 9
6.94 41
6.94 35
6.96 3
6.96 11
6.96 59
6.96 5
6.96 6
6.98 50
6.98 44
6.98 53
6.98 15
7.0 10
7.0 27
7.0 14
7.0200000000000005 16
7.0200000000000005 19
7.0200000000000005 51
7.0200000000000005 54
7.0200000000000005 47
7.0600000000000005 34
7.0600000000000005 31
7.08 17
7.08 4
7.08 22
7.1000000000000005 24
7.1000000000000005 1
7.1000000000000005 18
7.1000000000000005 58
7.1000000000000005 39
7.12 33
7.12 28
7.140000000000001 26
7.16 32
7.16 2
7.16 13
7.18 40
7.18 60
7.18 37
7.18 45
7.2 43
7.2 20
7.2 29
7.22 12
7.24 42
7.24 59
7.24 21
7.26 50
7.26 35
7.26 53
7.26 15
7.28 9
7.28 52
7.28 14
7.28 46
7.28 62
7.3 3
7.3 36
7.3 5
7.3 61
7.3 30
7.3 54
7.3 23
7.32 48
7.32 49
7.32 57
7.32 10
7.34 41
7.36 25
7.36 44
7.36 38
7.38 11
7.38 39
7.38 55
7.4 16
7.4 17
7.4 33
7.4 31
7.42 24
7.42 32
7.42 1
7.42 34
7.44 27
7.44 28
7.46 2
7.46 6
7.48 26
7.48 13
7.5 18
7.5 19
7.5 12
7.5200000000000005 4
7.5200000000000005 47
7.54 58
7.54 20
7.5600000000000005 60
7.58 42
7.58 43
7.58 51
7.58 45
7.6000000000000005 29
7.6000000000000005 46
7.6000000000000005 23
7.62 48
7.62 52
7.62 5
7.62 53
7.62 22
7.640000000000001 3
7.640000000000001 35
7.640000000000001 59
7.640000000000001 36
7.640000000000001 37
7.640000000000001 14
7.640000000000001 30
7.66 57
7.66 11
7.66 21
7.66 38
7.68 25
7.68 50
7.68 54
7.7 40
7.7 33
7.7 41
7.7 44
7.7 61
7.7 15
7.7 39
7.72 62
7.74 9
7.74 10
7.76 32
7.78 24
7.78 28
7.78 13
7.78 55
7.8 16
7.8 17
7.8 2
7.8 27
7.82 58
7.84 1
7.84 49
7.84 20
7.84 47
7.86 29
7.86 6
7.88 19
7.88 4
7.88 46
7.9 18
7.9 60
7.9 30
7.9 31
7.92 51
7.92 45
7.92 23
7.94 26
7.94 42
7.94 37
7.96 34
7.96 5
7.96 53
7.96 61
7.98 35
7.98 54
7.98 39
8.0 48
8.02 33
8.02 43
8.02 44
8.040000000000001 25
8.040000000000001 41
8.040000000000001 50
8.040000000000001 59
8.040000000000001 38
8.06 3
8.06 12
8.06 15
8.08 32
8.08 40
8.08 9
8.08 11
8.08 14
8.1 57
8.1 27
8.1 28
8.1 36
8.1 52
8.1 22
8.1 62
8.1 47
8.120000000000001 1
8.120000000000001 58
8.14 16
8.14 24
8.14 10
8.14 21
8.18 17
8.2 49
8.2 6
8.22 2
8.22 18
8.26 20
8.26 5
8.28 4
8.28 29
8.28 46
8.3 19
8.3 45
8.3 23
8.3 31
8.32 51
8.32 44
8.32 37
8.32 61
8.32 30
8.34 26
8.34 53
8.36 34
8.36 11
8.36 35
8.36 43
8.36 60
8.36 13
8.36 39
8.38 40
8.38 50
8.38 15
8.4 24
8.4 9
8.4 25
8.4 3
8.4 12
8.4 54
8.42 48
8.42 41
8.42 36
8.42 21
8.44 33
8.44 59
8.44 14
8.46 58
8.46 52
8.46 6
8.46 62
8.46 47
8.48 32
8.48 49
8.48 10
8.48 27
8.48 28
8.5 1
8.5 57
8.52 16
8.52 42
8.540000000000001 55
8.58 20
8.58 31
8.6 17
8.6 45
8.620000000000001 4
8.620000000000001 44
8.620000000000001 29
8.620000000000001 46
8.620000000000001 23
8.64 18
8.64 50
8.64 30
8.66 9
8.66 2
8.66 26
8.66 37
8.66 61
8.68 11
8.68 5
8.700000000000001 48
8.700000000000001 34
8.700000000000001 19
8.700000000000001 51
8.700000000000001 53
8.72 60
8.72 13
8.72 21
8.72 6
8.72 15
8.74 40
8.74 43
8.74 12
8.74 54
8.76 24
8.76 49
8.78 16
8.78 22
8.78 38
8.8 25
8.8 3
8.8 35
8.8 36
8.82 33
8.82 59
8.82 39
8.84 10
8.84 52
8.86 42
8.86 58
8.86 47
8.88 41
8.88 27
8.88 28
8.88 14
8.88 62
8.9 32
8.9 1
8.9 57
8.92 4
8.92 31
8.94 26
8.94 55
8.98 17
8.98 18
8.98 5
9.0 2
9.0 43
9.0 44
9.02 48
9.02 61
9.02 54
9.02 23
9.040000000000001 34
9.040000000000001 11
9.040000000000001 37
9.040000000000001 30
9.040000000000001 46
9.040000000000001 15
9.06 60
9.08 24
9.08 51
9.08 45
9.08 53
9.08 22
9.1 19
9.120000000000001 40
9.120000000000001 35
9.120000000000001 21
9.120000000000001 29
9.14 16
9.14 25
9.14 59
9.14 38
9.16 41
9.16 20
9.16 36
9.16 13
9.16 14
9.16 47
9.18 1
9.200000000000001 57
9.200000000000001 58
9.200000000000001 27
9.22 32
9.22 9
9.22 33
9.22 3
9.22 28
9.24 49
9.24 42
9.24 12
9.24 55
9.26 10
9.28 18
9.28 52
9.3 2
9.3 50
9.3 61
9.3 6
9.3 23
9.32 4
9.32 44
9.32 39
9.34 5
9.34 22
9.34 62
9.34 15
9.34 31
9.36 48
9.36 17
9.36 34
9.36 11
9.38 45
9.4 26
9.4 60
9.4 53
9.4 46
9.42 24
9.42 20
9.42 29
9.46 25
9.46 19
9.46 30
9.48 16
9.48 40
9.48 41
9.48 27
9.48 37
9.5 35
9.5 51
9.5 28
9.52 36
9.540000000000001 32
9.540000000000001 57
9.56 21
9.56 38
9.58 1
9.58 49
9.58 2
9.58 18
9.58 59
9.58 12
9.58 54
9.6 58
9.6 4
9.6 52
9.6 55
9.620000000000001 6
9.620000000000001 14
9.64 43
9.64 13
9.64 61
9.66 9
9.66 42
9.66 50
9.68 34
9.68 5
9.700000000000001 33
9.700000000000001 10
9.700000000000001 3
9.700000000000001 62
9.700000000000001 31
9.700000000000001 47
9.72 11
9.72 20
9.72 39
9.74 24
9.74 45
9.74 46
9.74 15
9.76 26
9.78 40
9.78 48
9.78 17
9.78 25
9.78 41
9.78 53
9.78 23
9.8 35
9.82 19
9.82 27
9.82 30
9.84 51
9.84 22
9.86 28
9.86 44
9.86 60
9.86 21
9.88 38
9.88 54
9.9 18
9.9 12
9.9 29
9.92 16
9.92 49
9.92 42
9.92 59
9.92 36
9.92 14
9.96 13
9.98 58
9.98 43
9.98 4
10.0 24
10.0 33
10.0 57
10.0 37
10.0 6
