0.51 25
0.52 24
0.52 1
0.53 17
0.54 2
0.56 18
0.5700000000000001 27
0.58 10
0.58 11
0.59 16
0.59 9
0.59 26
0.6 25
0.61 3
0.61 19
0.62 1
0.62 2
0.65 17
0.66 24
0.66 9
0.66 27
0.67 10
0.68 2
0.68 3
0.6900000000000001 1
0.6900000000000001 25
0.6900000000000001 26
0.71 18
0.71 19
0.72 16
0.74 9
0.75 24
0.75 27
0.76 2
0.78 17
0.78 3
0.79 16
0.79 25
0.79 10
0.79 26
0.79 19
0.81 27
0.8200000000000001 24
0.8200000000000001 1
0.8200000000000001 9
0.8200000000000001 18
0.8200000000000001 11
0.84 17
0.85 26
0.86 2
0.86 19
0.87 10
0.87 3
0.88 16
0.88 18
0.89 24
0.89 1
0.89 25
0.9 11
0.9 27
0.92 9
0.92 17
0.9400000000000001 2
0.9400000000000001 26
0.9500000000000001 24
0.9500000000000001 18
0.9500000000000001 19
0.96 10
0.96 3
0.97 27
0.98 9
0.99 1
1.0 11
1.01 16
1.02 2
1.03 17
1.03 18
1.03 19
1.04 25
1.04 26
1.04 3
1.05 1
1.05 9
1.08 24
1.08 11
1.09 27
1.1 16
1.1 2
1.1 10
1.1 3
1.1300000000000001 19
1.1400000000000001 18
1.1500000000000001 26
1.16 17
1.16 25
1.17 10
1.17 11
1.18 24
1.18 2
1.19 16
1.19 9
1.19 3
1.21 19
1.23 1
1.23 10
1.23 18
1.23 26
1.25 17
1.27 24
1.27 9
1.28 2
1.28 11
1.29 16
1.29 26
1.29 27
1.3 10
1.3 3
1.3 19
1.31 25
1.31 18
1.33 1
1.34 24
1.34 9
1.34 17
1.35 16
1.36 2
1.36 11
1.37 19
1.37 27
1.3800000000000001 10
1.3800000000000001 18
1.3800000000000001 3
1.3900000000000001 26
1.4000000000000001 1
1.4000000000000001 25
1.41 16
1.41 9
1.43 17
1.43 19
1.45 11
1.45 27
1.46 2
1.46 18
1.47 24
1.48 16
1.49 17
1.49 10
1.5 25
1.5 19
1.51 9
1.51 26
1.52 1
1.54 2
1.54 3
1.55 24
1.56 16
1.56 11
1.57 26
1.57 27
1.58 18
1.59 10
1.6 17
1.6 19
1.61 24
1.61 25
1.61 2
1.61 3
1.6300000000000001 26
1.6400000000000001 27
1.6600000000000001 16
1.6600000000000001 17
1.6600000000000001 10
1.6600000000000001 11
1.67 1
1.69 25
1.69 2
1.7 19
1.71 18
1.72 27
1.73 17
1.73 11
1.74 24
1.74 10
1.75 16
1.75 9
1.75 26
1.76 25
1.76 2
1.77 18
1.78 3
1.78 19
1.8 1
1.8 17
1.82 9
1.82 27
1.83 25
1.83 26
1.84 10
1.85 16
1.85 24
1.86 18
1.87 1
1.87 11
1.8800000000000001 2
1.8800000000000001 3
1.8800000000000001 27
1.8900000000000001 9
1.8900000000000001 17
1.8900000000000001 25
1.8900000000000001 19
1.93 26
1.94 24
1.94 10
1.96 17
1.96 2
1.96 18
1.96 3
1.96 11
1.96 19
1.97 16
1.97 1
1.98 25
1.99 9
2.0 24
2.0 26
2.02 10
2.0300000000000002 27
2.04 17
2.04 25
2.04 2
2.04 18
2.06 11
2.06 19
2.07 16
2.08 1
2.08 26
2.1 9
2.1 3
2.11 24
2.11 2
2.11 10
2.12 11
2.13 25
2.14 19
2.14 27
2.15 17
2.15 18
2.17 1
2.18 24
2.18 3
2.19 16
2.2 26
2.2 19
2.21 9
2.21 2
2.21 10
2.21 18
2.21 27
2.23 25
2.25 17
2.25 11
2.2600000000000002 24
2.2800000000000002 1
2.2800000000000002 19
2.29 16
2.29 26
2.29 3
2.29 27
2.3000000000000003 9
2.3000000000000003 25
2.31 18
2.32 17
2.32 2
2.34 19
2.35 24
2.35 10
2.35 3
2.36 1
2.37 16
2.37 26
2.38 11
2.4 9
2.41 25
2.42 1
2.42 2
2.44 17
2.44 18
2.44 26
2.44 3
2.45 19
2.46 16
2.46 10
2.47 24
2.47 25
2.47 27
2.48 9
2.48 11
2.5 2
2.5300000000000002 26
2.54 1
2.54 10
2.54 19
2.54 27
2.5500000000000003 24
2.56 16
2.56 25
2.57 11
2.59 9
2.59 2
2.59 18
2.6 17
2.6 26
2.6 27
2.61 24
2.62 1
2.62 10
2.62 19
2.63 16
2.63 3
2.65 18
2.67 26
2.68 17
2.68 2
2.68 11
2.69 16
2.69 25
2.7 19
2.71 24
2.71 9
2.73 3
2.75 27
2.7600000000000002 17
2.7600000000000002 25
2.7600000000000002 10
2.77 24
2.77 1
2.7800000000000002 18
2.7800000000000002 19
2.79 2
2.79 26
2.8000000000000003 9
2.81 16
2.81 11
2.83 27
2.84 24
2.85 2
2.85 3
2.86 1
2.86 18
2.87 11
2.89 16
2.89 9
2.89 19
2.91 10
2.92 3
2.92 27
2.93 17
2.93 25
2.94 11
2.95 26
2.96 16
2.96 24
2.96 18
2.96 19
2.97 9
2.97 10
2.99 1
2.99 2
3.0100000000000002 25
3.02 16
3.02 11
3.02 19
3.0300000000000002 24
3.0300000000000002 17
3.0300000000000002 27
3.04 9
3.04 3
3.0500000000000003 2
3.0500000000000003 18
3.06 26
3.08 25
3.08 19
3.09 11
3.1 10
3.1 27
3.12 2
3.12 3
3.13 24
3.13 17
3.13 18
3.15 16
3.15 1
3.15 26
3.16 9
3.16 19
3.18 2
3.18 10
3.18 11
3.18 27
3.21 1
3.21 25
3.21 3
3.22 18
3.22 26
3.23 9
3.25 27
3.2600000000000002 24
3.2600000000000002 10
3.2600000000000002 19
3.27 11
3.29 16
3.3000000000000003 26
3.3000000000000003 3
3.31 25
3.31 2
3.31 18
3.3200000000000003 24
3.3200000000000003 1
3.3200000000000003 10
3.33 9
3.35 11
3.35 19
3.35 27
3.37 16
3.38 24
3.38 17
3.38 10
3.38 3
3.39 1
3.39 25
3.39 2
3.39 18
3.41 9
3.41 27
3.43 26
3.43 11
3.44 10
3.45 19
3.46 18
3.47 1
3.48 2
3.48 3
3.49 17
3.49 26
3.5 11
3.52 27
3.5300000000000002 25
3.5300000000000002 10
3.5300000000000002 18
3.5300000000000002 19
3.5500000000000003 9
3.5500000000000003 2
3.5500000000000003 26
3.56 16
3.56 3
3.5700000000000003 11
3.58 1
3.58 17
3.59 27
3.6 10
3.6 18
3.61 9
3.61 19
3.63 16
3.63 24
3.63 25
3.63 26
3.64 17
3.66 2
3.67 10
3.67 3
3.68 9
3.69 1
3.69 11
3.69 27
3.72 25
3.72 26
3.73 16
3.73 24
3.73 2
3.73 18
3.73 19
3.74 3
3.75 9
3.7800000000000002 1
3.7800000000000002 17
3.79 27
3.8000000000000003 16
3.8000000000000003 25
3.8000000000000003 10
3.81 9
3.81 18
3.81 26
3.81 11
3.83 2
3.84 24
3.85 17
3.87 18
3.87 19
3.89 16
3.89 10
3.89 27
3.9 3
3.91 1
3.91 25
3.92 2
3.92 26
3.93 24
3.93 9
3.93 11
3.94 17
3.94 19
3.95 27
3.99 16
3.99 25
3.99 10
4.0 24
4.0 1
4.0 3
4.0 11
4.01 17
4.0200000000000005 9
4.0200000000000005 2
4.03 18
4.03 27
4.05 26
4.05 19
4.0600000000000005 16
4.0600000000000005 25
4.08 9
4.08 10
4.08 3
4.1 17
4.1 2
4.11 18
4.12 16
4.12 24
4.12 25
4.12 27
4.13 19
4.14 1
4.14 10
4.14 3
4.15 11
4.16 26
4.17 18
4.19 16
4.19 17
4.19 27
4.2 19
4.21 9
4.21 3
4.22 1
4.22 2
4.23 25
4.24 11
4.25 16
4.25 26
4.25 27
4.26 10
4.2700000000000005 19
4.28 24
4.29 17
4.3 25
4.3 2
4.3 18
4.3 3
4.3100000000000005 11
4.33 10
4.34 19
4.3500000000000005 24
4.3500000000000005 17
4.36 26
4.37 16
4.37 1
4.37 25
4.37 27
4.38 9
4.38 11
4.39 18
4.39 3
4.4 2
4.41 24
4.41 10
4.42 17
4.42 19
4.43 27
4.44 1
4.44 9
4.45 16
4.45 18
4.45 26
4.48 25
4.48 2
4.5 3
4.51 1
4.51 9
4.51 17
4.51 10
4.51 26
4.51 11
4.5200000000000005 16
4.5200000000000005 27
4.53 24
4.54 19
4.5600000000000005 18
4.57 25
4.59 16
4.59 10
4.59 3
4.6000000000000005 24
4.6000000000000005 1
4.6000000000000005 9
4.6000000000000005 2
4.6000000000000005 11
4.6000000000000005 27
4.61 17
4.62 18
4.62 26
4.62 19
4.65 16
4.66 24
4.66 3
4.67 1
4.67 2
4.68 17
4.68 27
4.69 25
4.69 10
4.69 11
4.7 18
4.7 26
4.72 9
4.72 19
4.74 24
4.75 2
4.76 3
4.7700000000000005 16
4.7700000000000005 25
4.78 1
4.78 18
4.79 26
4.8 27
4.8100000000000005 24
4.8100000000000005 9
4.8100000000000005 17
4.82 3
4.82 19
4.84 1
4.8500000000000005 2
4.86 16
4.86 26
4.86 11
4.86 27
4.88 9
4.88 25
4.88 10
4.88 18
4.88 19
4.92 1
4.93 2
4.93 26
4.93 3
4.94 9
4.94 17
4.94 10
4.94 19
4.95 24
4.95 18
4.95 27
4.96 16
4.96 11
4.97 25
4.99 1
4.99 2
5.0 9
5.0200000000000005 17
5.0200000000000005 10
5.0200000000000005 26
5.0200000000000005 19
5.03 24
5.03 3
5.04 25
5.05 16
5.05 27
5.0600000000000005 18
5.0600000000000005 11
5.08 2
5.08 19
5.09 10
5.1000000000000005 9
5.1000000000000005 17
5.1000000000000005 26
5.12 24
5.12 1
5.12 18
5.13 27
5.14 16
5.16 25
5.16 3
5.18 17
5.18 26
5.18 19
5.19 1
5.19 11
5.19 27
5.2 9
5.2 2
5.21 24
5.21 10
5.24 16
5.24 25
5.24 3
5.25 18
5.26 17
5.26 26
5.2700000000000005 1
5.28 9
5.28 2
5.28 19
5.28 27
5.29 11
5.3 16
5.32 24
5.32 25
5.32 10
5.33 1
5.33 18
5.33 3
5.34 9
5.34 26
5.34 19
5.34 27
5.36 2
5.37 16
5.37 17
5.37 11
5.38 10
5.4 24
5.41 3
5.42 18
5.42 27
5.44 1
5.44 2
5.45 9
5.45 17
5.45 19
5.47 11
5.49 24
5.49 26
5.5 18
5.51 25
5.51 10
5.5200000000000005 16
5.5200000000000005 1
5.5200000000000005 17
5.53 9
5.54 2
5.54 3
5.55 24
5.5600000000000005 11
5.57 27
5.58 19
5.59 25
5.59 26
5.6000000000000005 1
5.61 16
5.61 18
5.62 24
5.63 3
5.64 9
5.64 11
5.65 17
5.65 2
5.66 10
5.68 1
5.68 26
5.69 27
5.7 19
5.71 25
5.73 10
5.74 2
5.74 18
5.74 3
5.75 16
5.75 1
5.75 9
5.75 11
5.76 17
5.78 25
5.79 24
5.79 26
5.8100000000000005 16
5.8100000000000005 2
5.8100000000000005 18
5.8100000000000005 19
5.82 11
5.82 27
5.83 1
5.83 3
5.84 17
5.84 25
5.8500000000000005 9
5.86 10
5.87 16
5.87 2
5.87 26
5.88 24
5.88 18
5.89 27
5.9 19
5.91 3
5.92 1
5.93 17
5.93 2
5.94 24
5.94 10
5.94 18
5.95 26
5.95 27
5.96 9
5.96 11
5.97 16
6.0 25
6.0 2
6.0 10
6.0 19
6.01 18
6.0200000000000005 26
6.03 24
6.03 17
6.03 3
6.04 1
6.04 9
6.05 11
6.0600000000000005 27
6.08 10
6.08 26
6.09 24
6.09 2
6.1000000000000005 16
6.1000000000000005 9
6.11 19
6.13 25
6.13 3
6.140000000000001 11
6.15 18
6.16 24
6.16 1
6.16 2
6.17 17
6.17 26
6.18 16
6.18 9
6.19 10
6.2 27
6.21 18
6.21 3
6.22 19
6.23 1
6.23 11
6.24 24
6.24 17
6.24 25
6.24 26
6.26 9
6.26 2
6.2700000000000005 18
6.2700000000000005 27
6.29 10
6.29 3
6.3 16
6.3 26
6.3 11
6.32 25
6.33 1
6.33 9
6.34 19
6.3500000000000005 17
6.3500000000000005 2
6.3500000000000005 27
6.38 10
6.38 18
6.38 26
6.390000000000001 16
6.390000000000001 3
6.390000000000001 11
6.41 17
6.42 24
6.42 9
6.42 19
6.42 27
6.44 25
6.44 2
6.45 16
6.45 1
6.45 26
6.46 18
6.47 3
6.48 24
6.48 9
6.48 10
6.48 11
6.49 19
6.51 27
6.53 16
6.53 17
6.53 25
6.53 2
6.54 24
6.55 26
6.55 3
6.55 11
6.5600000000000005 1
6.5600000000000005 9
6.57 10
6.57 18
6.59 17
6.6000000000000005 25
6.6000000000000005 2
6.61 26
6.62 16
6.63 24
6.63 1
6.63 3
6.640000000000001 10
6.640000000000001 27
6.66 18
6.66 11
6.67 19
6.68 9
6.68 17
6.69 25
6.69 2
6.7 16
6.7 3
6.71 27
6.73 24
6.74 1
6.74 10
6.75 9
6.75 18
6.75 26
6.76 25
6.76 19
6.7700000000000005 16
6.7700000000000005 11
6.79 17
6.82 27
6.83 2
6.83 3
6.84 18
6.84 26
6.84 11
6.8500000000000005 1
6.8500000000000005 25
6.8500000000000005 10
6.86 24
6.86 9
6.88 27
6.890000000000001 17
6.890000000000001 19
6.91 2
6.91 10
6.93 16
6.93 1
6.93 26
6.95 9
6.96 24
6.96 18
6.96 3
6.97 11
6.97 19
6.98 25
6.99 1
6.99 10
7.0 26
7.01 2
7.01 27
7.0200000000000005 17
7.0200000000000005 3
7.03 16
7.03 18
7.04 24
7.05 1
7.05 9
7.0600000000000005 11
7.08 25
7.09 10
7.1000000000000005 3
7.1000000000000005 19
7.1000000000000005 27
7.11 17
7.11 18
7.11 26
7.12 16
7.12 24
7.12 9
7.12 2
7.15 25
7.16 3
7.16 11
7.16 27
7.17 19
7.18 1
7.18 17
7.18 18
7.19 10
7.2 24
7.21 9
7.22 16
7.22 2
7.22 26
7.25 1
7.25 27
7.26 25
7.26 3
7.2700000000000005 9
7.2700000000000005 18
7.28 24
7.29 16
7.29 19
7.3100000000000005 17
7.3100000000000005 2
7.3100000000000005 10
7.3100000000000005 26
7.3100000000000005 11
7.32 1
7.34 18
7.3500000000000005 25
7.3500000000000005 19
7.37 9
7.37 2
7.38 16
7.38 17
7.38 3
7.4 10
7.4 26
7.4 11
7.4 27
7.41 24
7.43 18
7.44 16
7.45 25
7.46 19
7.47 1
7.47 3
7.47 27
7.48 9
7.48 2
7.48 11
7.49 17
7.49 10
7.5 26
7.53 24
7.54 1
7.54 18
7.55 3
7.5600000000000005 9
7.5600000000000005 17
7.5600000000000005 19
7.57 25
7.57 11
7.58 27
7.59 26
7.6000000000000005 16
7.62 17
7.63 9
7.63 10
7.640000000000001 24
7.640000000000001 2
7.640000000000001 18
7.640000000000001 19
7.65 3
7.67 1
7.67 25
7.68 11
7.69 16
7.69 27
7.71 9
7.71 3
7.72 24
7.72 2
7.73 10
7.73 26
7.75 25
7.75 11
7.76 17
7.76 19
7.7700000000000005 16
7.7700000000000005 1
7.7700000000000005 27
7.79 9
7.8 10
7.8 18
7.8100000000000005 2
7.82 26
7.83 17
7.83 11
7.83 27
7.84 24
7.8500000000000005 16
7.8500000000000005 3
7.8500000000000005 19
7.86 25
7.88 1
7.88 9
7.88 18
7.890000000000001 10
7.9 24
7.9 2
7.91 17
7.91 27
7.92 25
7.92 19
7.930000000000001 11
7.94 9
7.94 26
7.94 3
7.95 16
7.95 1
7.98 25
7.98 18
7.99 24
7.99 10
8.0 9
8.0 17
8.0 2
8.02 26
8.02 3
8.02 11
8.02 19
8.05 1
8.05 25
8.05 27
8.07 24
8.08 16
8.08 9
8.08 2
8.08 18
8.09 10
8.09 3
8.09 11
8.09 19
8.11 26
8.11 27
8.14 17
8.14 25
8.15 16
8.16 24
8.17 1
8.17 10
8.17 3
8.17 11
8.17 27
8.19 9
8.2 19
8.21 2
8.21 18
8.22 17
8.23 1
8.24 3
8.25 26
8.26 16
8.26 25
8.26 11
8.26 27
8.27 10
8.27 19
8.28 24
8.28 2
8.290000000000001 1
8.3 18
8.31 17
8.32 9
8.32 11
8.34 27
8.35 1
8.35 10
8.35 26
8.35 3
8.36 16
8.370000000000001 24
8.370000000000001 2
8.370000000000001 18
8.38 9
8.41 25
8.42 17
8.42 10
8.42 3
8.43 27
8.44 24
8.44 11
8.44 19
8.46 16
8.46 2
8.47 26
8.48 1
8.48 10
8.49 3
8.5 24
8.5 9
8.5 17
8.5 19
8.53 27
8.55 25
8.55 11
8.56 17
8.56 2
8.56 26
8.56 19
8.57 16
8.57 1
8.57 10
8.57 18
8.59 24
8.59 3
8.6 9
8.61 27
8.63 1
8.63 26
8.64 16
8.64 2
8.64 11
8.66 10
8.67 17
8.68 25
8.69 18
8.69 27
8.700000000000001 24
8.700000000000001 3
8.72 1
8.72 9
8.72 11
8.73 10
8.73 19
8.74 25
8.75 26
8.76 16
8.76 27
8.77 2
8.78 18
8.790000000000001 24
8.790000000000001 9
8.790000000000001 3
8.790000000000001 19
8.81 1
8.82 17
8.82 26
8.83 25
8.84 11
8.86 9
8.870000000000001 16
8.870000000000001 2
8.870000000000001 19
8.88 24
8.88 10
8.88 26
8.89 17
8.89 18
8.89 3
8.9 1
8.9 27
8.93 16
8.94 11
8.950000000000001 17
8.950000000000001 10
8.950000000000001 26
8.96 24
8.96 9
8.96 2
8.97 25
8.97 19
8.97 27
8.98 18
8.98 3
9.0 1
9.02 26
9.03 2
9.03 10
9.040000000000001 18
9.040000000000001 11
9.05 25
9.06 16
9.06 1
9.06 17
9.08 24
9.08 9
9.09 3
9.09 19
9.1 2
9.1 18
9.1 27
9.120000000000001 11
9.13 26
9.14 16
9.14 24
9.14 17
9.14 25
9.16 18
9.17 2
9.17 10
9.17 19
9.17 27
9.200000000000001 3
9.21 17
9.21 26
9.22 16
9.22 1
9.22 9
9.22 18
9.23 11
9.24 2
9.27 25
9.27 10
9.27 3
9.28 16
9.28 18
9.290000000000001 24
9.31 9
9.31 26
9.31 19
9.32 1
9.32 17
9.32 27
9.34 10
9.34 3
9.34 11
9.36 18
9.370000000000001 16
9.370000000000001 25
9.38 2
9.39 9
9.39 19
9.39 27
9.4 1
9.4 3
9.41 26
9.42 24
9.43 17
9.43 10
9.450000000000001 2
9.450000000000001 11
9.46 1
9.46 18
9.47 16
9.47 27
9.48 25
9.48 19
9.49 3
9.5 9
9.52 18
9.53 26
9.53 11
9.540000000000001 24
9.540000000000001 25
9.540000000000001 10
9.56 16
9.56 1
9.56 17
9.57 3
9.58 2
9.58 27
9.59 9
9.6 24
9.6 18
9.6 19
9.61 25
9.61 11
9.64 16
9.64 1
9.64 26
9.65 10
9.67 9
9.67 17
9.67 2
9.67 11
9.68 18
9.68 3
9.68 19
9.68 27
9.700000000000001 24
9.700000000000001 25
9.71 16
9.71 26
9.72 10
9.74 1
9.74 11
9.74 19
9.76 2
9.77 17
9.77 18
9.77 27
9.78 9
9.78 3
9.790000000000001 10
9.8 24
9.8 19
9.81 16
9.81 11
9.82 1
9.82 25
9.82 2
9.84 9
9.84 17
9.84 18
9.84 26
9.86 27
9.870000000000001 3
9.870000000000001 11
9.88 10
9.89 16
9.9 9
9.9 25
9.91 1
9.92 24
9.92 2
9.94 17
9.94 26
9.94 11
9.94 19
9.94 27
9.950000000000001 10
9.950000000000001 18
9.96 3
9.97 16
9.98 9
9.98 25
9.99 1
10.01 10
10.02 2
10.03 24
10.03 3
10.03 11
10.03 27
10.040000000000001 17
10.040000000000001 26
10.05 16
10.05 1
10.05 19
10.07 9
10.07 25
10.07 18
10.08 10
10.11 3
10.11 27
10.120000000000001 1
10.13 24
10.13 17
10.13 2
10.13 11
10.14 9
10.14 10
10.14 19
10.17 26
10.17 3
10.18 16
10.18 25
10.18 27
10.200000000000001 24
10.200000000000001 18
10.21 1
10.21 2
10.22 9
10.22 11
10.23 17
10.23 10
10.23 19
10.24 25
10.25 27
10.27 2
10.28 18
10.290000000000001 16
10.290000000000001 26
10.3 3
10.31 24
10.32 11
10.32 19
10.33 1
10.33 9
10.33 17
10.33 25
10.34 27
10.35 18
10.36 26
10.370000000000001 2
10.38 16
10.38 10
10.4 1
10.4 25
10.41 9
10.41 19
10.42 24
10.42 18
10.43 17
10.43 2
10.43 11
10.43 27
10.44 16
10.47 26
10.47 19
10.48 25
10.48 3
10.49 10
